positive\05_08_17_636441.png 1 228 312 50 63
positive\05_08_17_679071.png 1 222 312 69 58
positive\05_08_17_717886.png 1 222 312 69 58
positive\05_08_17_740830.png 1 222 312 69 58
positive\05_08_17_778097.png 1 222 312 69 58
positive\05_08_17_807243.png 1 222 312 69 58
positive\05_08_17_830406.png 1 222 312 69 58
positive\05_08_17_859232.png 1 222 312 69 58
positive\05_08_17_891722.png 1 222 312 69 58
positive\05_08_17_919829.png 1 224 308 60 68
positive\05_08_17_944110.png 1 224 308 60 68
positive\05_08_17_968112.png 1 224 308 60 68
positive\05_08_17_992710.png 1 224 308 60 68
positive\05_08_18_034214.png 1 224 308 60 68
positive\05_08_18_069036.png 1 224 308 60 68
positive\05_08_18_104733.png 1 224 308 60 68
positive\05_08_18_136048.png 1 224 308 60 68
positive\05_08_18_162427.png 1 224 308 60 68
positive\05_08_18_186131.png 1 224 308 60 68
positive\05_08_18_212888.png 1 224 308 60 68
positive\05_08_18_239473.png 1 224 308 60 68
positive\05_08_18_271839.png 1 224 308 60 68
positive\05_08_18_292766.png 1 224 308 60 68
positive\05_08_18_318160.png 1 224 308 60 68
positive\05_08_18_344521.png 1 224 308 60 68
positive\05_08_18_369645.png 1 224 308 60 68
positive\05_08_18_406262.png 1 224 308 60 68
positive\05_08_18_439602.png 1 224 308 60 68
positive\05_08_18_501805.png 1 224 308 60 68
positive\05_08_18_538687.png 1 224 308 60 68
positive\05_08_18_564861.png 1 224 308 60 68
positive\05_08_18_603868.png 1 224 308 60 68
positive\05_08_18_710065.png 1 224 308 60 68
positive\05_08_18_747873.png 1 214 311 74 63
positive\05_08_18_780716.png 1 214 311 74 63
positive\05_08_18_805615.png 1 214 311 74 63
positive\05_08_18_845750.png 1 214 311 74 63
positive\05_08_18_872368.png 1 214 311 74 63
positive\05_08_18_902832.png 1 214 311 74 63
positive\05_08_18_939525.png 1 214 311 74 63
positive\05_08_18_974165.png 1 214 311 74 63
positive\05_08_19_003087.png 1 214 311 74 63
positive\05_08_19_036287.png 1 214 311 74 63
positive\05_08_19_057957.png 1 214 311 74 63
positive\05_08_19_093545.png 1 214 311 74 63
positive\05_08_19_118303.png 1 214 311 74 63
positive\05_08_19_143157.png 1 214 311 74 63
positive\05_08_19_168935.png 1 214 311 74 63
positive\05_08_19_206084.png 1 224 307 61 75
positive\05_08_19_247224.png 1 224 307 61 75
positive\05_08_19_274992.png 1 224 307 61 75
positive\05_08_19_311057.png 1 224 307 61 75
positive\05_08_19_335825.png 1 224 307 61 75
positive\05_08_19_367987.png 1 224 307 61 75
positive\05_08_19_403572.png 1 224 307 61 75
positive\05_08_19_437126.png 1 224 307 61 75
positive\05_08_19_471847.png 1 224 307 61 75
positive\05_08_19_509421.png 1 224 307 61 75
positive\05_08_19_541098.png 1 224 307 61 75
positive\05_08_19_573559.png 1 224 307 61 75
positive\05_08_19_604475.png 1 224 307 61 75
positive\05_08_19_636959.png 1 224 307 61 75
positive\05_08_19_673829.png 1 224 307 61 75
positive\05_08_19_712512.png 1 224 307 61 75
positive\05_08_19_744534.png 1 224 307 61 75
positive\05_08_19_773219.png 1 224 307 61 75
positive\05_08_19_807175.png 1 224 307 61 75
positive\05_08_19_841312.png 1 224 307 61 75
positive\05_08_19_867313.png 1 224 307 61 75
positive\05_08_19_902816.png 1 224 307 61 75
positive\05_08_19_936554.png 1 224 307 61 75
positive\05_08_19_974005.png 1 224 307 61 75
positive\05_08_20_006442.png 1 224 307 61 75
positive\05_08_20_029137.png 1 224 307 61 75
positive\05_08_20_052101.png 1 224 307 61 75
positive\05_08_20_091430.png 1 224 307 61 75
positive\05_08_20_127724.png 1 224 307 61 75
positive\05_08_20_161763.png 1 224 307 61 75
positive\05_08_20_190735.png 1 224 307 61 75
positive\05_08_20_221471.png 1 227 312 66 66
positive\05_08_20_255184.png 1 227 312 66 66
positive\05_08_20_285625.png 1 227 312 66 66
positive\05_08_20_318078.png 1 227 312 66 66
positive\05_08_23_038770.png 1 227 312 66 66
positive\05_08_23_074023.png 1 218 315 76 50
positive\05_08_23_104062.png 1 218 315 76 50
positive\05_08_23_134676.png 1 218 315 76 50
positive\05_08_23_156024.png 1 218 315 76 50
positive\05_08_23_189084.png 1 218 315 76 50
positive\05_08_23_216978.png 1 218 315 76 50
positive\05_08_23_238228.png 1 218 315 76 50
positive\05_08_23_275601.png 1 218 315 76 50
positive\05_08_23_313602.png 1 218 315 76 50
positive\05_08_23_338268.png 1 218 315 76 50
positive\05_08_23_366711.png 1 235 317 42 45
positive\05_08_23_393385.png 1 235 317 42 45
positive\05_08_23_416936.png 1 230 314 47 50
positive\05_08_23_440624.png 1 224 317 52 45
positive\05_08_23_470728.png 1 224 317 52 45
positive\05_08_23_505493.png 1 224 317 52 45
positive\05_08_23_537182.png 1 221 317 61 52
positive\05_08_23_568004.png 1 221 317 61 52
positive\05_08_23_598846.png 1 221 317 61 52
positive\05_08_23_629300.png 1 221 317 61 52
positive\05_08_23_654315.png 1 221 317 61 52
positive\05_08_23_676512.png 1 221 317 61 52
positive\05_08_23_710632.png 1 221 317 61 52
positive\05_08_23_738289.png 1 221 317 61 52
positive\05_08_23_758785.png 1 221 317 61 52
positive\05_08_23_787093.png 1 221 317 61 52
positive\05_08_23_806989.png 1 221 317 61 52
positive\05_08_23_839234.png 1 221 317 61 52
positive\05_08_23_872320.png 1 221 317 61 52
positive\05_08_23_901577.png 1 221 317 61 52
positive\05_08_23_936582.png 1 221 317 61 52
positive\05_08_23_973991.png 1 221 317 61 52
positive\05_08_24_011573.png 1 221 317 61 52
positive\05_08_24_036847.png 1 221 317 61 52
positive\05_08_24_077474.png 1 241 313 33 54
positive\05_08_24_110462.png 1 241 313 33 54
positive\05_08_24_140128.png 1 241 313 33 54
positive\05_08_24_168595.png 1 241 313 33 54
positive\05_08_24_205070.png 1 241 313 33 54
positive\05_08_24_235085.png 1 241 313 33 54
positive\05_08_24_258722.png 1 229 323 54 36
positive\05_08_24_282862.png 1 229 323 54 36
positive\05_08_24_307847.png 1 231 313 47 51
positive\05_08_24_339761.png 1 231 313 47 51
positive\05_08_24_375617.png 1 226 309 60 56
positive\05_08_24_403698.png 1 226 309 60 56
positive\05_08_24_428930.png 1 227 317 59 39
positive\05_08_24_452740.png 1 227 317 59 39
positive\05_08_24_475754.png 1 227 317 59 39
positive\05_08_24_508500.png 1 231 308 57 54
positive\05_08_24_538528.png 1 229 313 58 54
positive\05_08_24_568994.png 1 223 310 65 59
positive\05_08_24_605428.png 1 228 312 58 55
positive\05_08_24_626024.png 1 224 312 61 57
positive\05_08_24_645910.png 1 229 316 56 53
positive\05_08_24_678311.png 1 228 313 56 56
positive\05_08_24_709461.png 1 229 310 53 63
positive\05_08_24_742396.png 1 235 317 46 49
positive\05_08_24_770445.png 1 235 315 47 56
positive\05_08_24_806356.png 1 239 313 39 55
positive\05_08_24_868222.png 1 228 317 55 51
positive\05_08_24_900827.png 1 230 309 49 60
positive\05_08_24_926291.png 1 232 316 46 52
positive\05_08_24_955899.png 1 240 312 34 63
positive\05_08_24_981497.png 1 241 313 31 59
positive\05_08_25_016846.png 1 241 313 34 58
positive\05_08_25_046856.png 1 240 312 36 58
positive\05_08_40_889112.png 1 220 314 63 56
positive\05_08_40_921213.png 1 225 314 59 60
positive\05_08_40_943082.png 1 226 317 57 52
positive\05_08_40_970274.png 1 225 315 57 54
positive\05_08_40_992792.png 1 225 310 58 60
positive\05_08_41_017276.png 1 220 313 64 60
positive\05_08_41_039363.png 1 218 312 69 60
positive\05_08_41_079175.png 1 225 313 56 60
positive\05_08_41_107526.png 1 225 313 56 60
positive\05_08_41_139645.png 1 225 313 56 60
positive\05_08_41_168718.png 1 225 313 56 60
positive\05_08_41_203580.png 1 225 313 56 60
positive\05_08_41_238449.png 1 225 313 56 60
positive\05_08_41_277012.png 1 225 313 56 60
positive\05_08_41_304706.png 1 225 313 56 60
positive\05_08_41_339453.png 1 225 313 56 60
positive\05_08_41_366646.png 1 225 313 56 60
positive\05_08_41_403008.png 1 225 313 56 60
positive\05_08_41_435528.png 1 225 313 56 60
positive\05_08_41_471721.png 1 227 314 58 54
positive\05_08_41_503863.png 1 227 314 58 54
positive\05_08_41_527712.png 1 227 314 58 54
positive\05_08_41_549960.png 1 227 314 58 54
positive\05_08_41_586480.png 1 227 314 58 54
positive\05_08_41_612407.png 1 227 314 58 54
positive\05_08_41_646833.png 1 227 314 58 54
positive\05_08_41_676831.png 1 227 314 58 54
positive\05_08_41_708239.png 1 227 314 58 54
positive\05_08_41_737264.png 1 227 314 58 54
positive\05_08_41_772410.png 1 227 314 58 54
positive\05_08_41_806042.png 1 227 314 58 54
positive\05_08_41_833030.png 1 227 314 58 54
positive\05_08_41_867511.png 1 227 314 58 54
positive\05_08_41_900214.png 1 227 314 58 54
positive\05_08_41_935667.png 1 227 314 58 54
positive\05_08_41_976472.png 1 227 314 58 54
positive\05_08_42_008755.png 1 227 314 58 54
positive\05_08_42_036353.png 1 227 314 58 54
positive\05_08_42_069790.png 1 227 314 58 54
positive\05_08_42_100642.png 1 227 314 58 54
positive\05_08_42_135460.png 1 227 314 58 54
positive\05_08_42_175237.png 1 227 314 58 54
positive\05_08_42_204992.png 1 227 314 58 54
positive\05_08_42_242327.png 1 238 312 43 59
positive\05_08_42_269676.png 1 238 312 43 59
positive\05_08_42_301736.png 1 238 312 43 59
positive\05_08_42_334226.png 1 224 314 59 56
positive\05_08_42_357341.png 1 224 314 59 56
positive\05_08_42_394180.png 1 229 315 59 55
positive\05_08_42_424184.png 1 229 315 59 55
positive\05_08_42_452632.png 1 229 315 59 55
positive\05_08_42_478316.png 1 229 315 59 55
positive\05_08_42_514784.png 1 223 318 59 48
positive\05_08_42_549653.png 1 223 312 57 57
positive\05_08_42_702859.png 1 223 312 57 57
positive\05_08_42_738100.png 1 233 315 50 56
positive\05_08_42_766575.png 1 233 315 50 56
positive\05_08_42_804545.png 1 224 314 59 59
positive\05_08_42_842781.png 1 224 314 59 59
positive\05_08_42_869185.png 1 224 314 59 59
positive\05_08_42_909656.png 1 224 314 59 59
positive\05_08_42_939849.png 1 236 316 42 60
positive\05_08_42_969269.png 1 230 315 50 55
positive\05_08_43_004466.png 1 230 315 50 55
positive\05_08_43_046580.png 1 230 315 50 55
positive\05_08_43_079199.png 1 220 312 60 63
positive\05_08_43_108418.png 1 220 312 60 63
positive\05_08_43_258598.png 1 232 312 49 56
positive\05_08_44_810609.png 1 237 315 39 57
positive\05_08_44_841998.png 1 237 315 39 57
positive\05_08_44_872238.png 1 237 315 39 57
positive\05_08_44_903016.png 1 233 315 52 54
positive\05_08_44_925511.png 1 233 315 52 54
positive\05_08_44_959306.png 1 233 315 52 54
positive\05_08_44_989824.png 1 233 315 52 54
positive\05_08_45_018156.png 1 223 313 62 59
positive\05_08_45_040871.png 1 223 313 62 59
positive\05_08_45_071502.png 1 223 313 62 59
positive\05_08_45_105855.png 1 223 313 62 59
positive\05_08_45_138157.png 1 223 313 62 59
positive\05_08_45_167724.png 1 223 313 62 59
positive\05_08_45_209528.png 1 229 312 51 61
positive\05_08_45_235591.png 1 229 312 51 61
positive\05_08_45_278688.png 1 229 312 51 61
positive\05_08_45_300938.png 1 229 312 51 61
positive\05_08_45_338866.png 1 229 312 51 61
positive\05_08_45_369750.png 1 229 312 51 61
positive\05_08_45_394520.png 1 229 312 51 61
positive\05_08_45_428001.png 1 229 312 51 61
positive\05_08_45_459578.png 1 229 312 51 61
positive\05_08_45_480975.png 1 229 312 51 61
positive\05_08_45_519776.png 1 229 312 51 61
positive\05_08_45_544338.png 1 229 312 51 61
positive\05_08_45_579556.png 1 229 312 51 61
positive\05_08_45_608919.png 1 229 312 51 61
positive\05_08_45_641284.png 1 229 312 51 61
positive\05_08_46_235961.png 1 229 312 51 61
positive\05_08_46_271755.png 1 229 312 51 61
positive\05_08_46_314011.png 1 237 309 45 72
positive\05_08_46_343330.png 1 235 308 49 80
positive\05_08_46_368898.png 1 235 308 49 80
positive\05_08_46_406979.png 1 222 307 62 89
positive\05_08_46_434529.png 1 222 307 62 89
positive\05_08_46_466916.png 1 222 307 62 89
positive\05_08_46_504997.png 1 213 303 83 106
positive\05_08_46_526392.png 1 208 300 97 108
positive\05_08_46_566640.png 1 199 309 102 86
positive\05_08_46_602908.png 1 195 311 103 73
positive\05_08_46_637435.png 1 196 306 97 82
positive\05_08_46_668931.png 1 196 306 97 82
positive\05_08_48_201947.png 1 222 305 66 70
positive\05_08_48_221613.png 1 214 309 75 66
positive\05_08_48_247486.png 1 225 303 65 72
positive\05_08_48_277809.png 1 225 303 65 72
positive\05_08_48_309001.png 1 225 303 65 72
positive\05_08_48_337271.png 1 225 303 65 72
positive\05_08_48_366866.png 1 230 308 64 63
positive\05_08_48_387072.png 1 230 308 64 63
positive\05_08_48_411059.png 1 230 308 64 63
positive\05_08_48_445908.png 1 230 308 64 63
positive\05_08_48_478702.png 1 230 308 64 63
positive\05_08_48_509709.png 1 215 315 73 57
positive\05_08_48_537685.png 1 217 315 68 58
positive\05_08_48_568096.png 1 217 315 68 58
positive\05_08_48_603880.png 1 217 315 68 58
positive\05_08_48_638693.png 1 225 309 59 64
positive\05_08_48_671287.png 1 222 305 62 68
positive\05_08_48_707348.png 1 228 306 49 69
positive\05_08_48_743358.png 1 225 309 59 68
positive\05_08_48_774661.png 1 225 309 59 68
positive\05_08_48_807266.png 1 225 309 59 68
positive\05_08_48_843250.png 1 225 309 59 68
positive\05_08_48_883739.png 1 225 309 59 68
positive\05_08_48_913930.png 1 225 309 59 68
positive\05_08_48_946323.png 1 225 309 59 68
positive\05_08_48_977253.png 1 225 309 59 68
positive\05_08_49_004506.png 1 225 309 59 68
positive\05_08_49_036966.png 1 225 309 59 68
positive\05_08_49_070642.png 1 225 309 59 68
positive\05_08_49_103568.png 1 225 309 59 68
positive\05_08_49_132708.png 1 224 304 69 67
positive\05_08_49_326784.png 1 223 307 61 70
positive\05_08_49_873233.png 1 223 307 61 70
positive\05_08_49_903567.png 1 223 307 61 70
positive\05_08_49_937957.png 1 223 307 61 70
positive\05_08_49_967662.png 1 218 307 69 72
positive\05_08_49_994789.png 1 218 307 69 72
positive\05_08_50_024223.png 1 218 307 69 72
positive\05_08_50_047014.png 1 218 307 69 72
positive\05_08_50_347053.png 1 222 313 64 62
positive\05_08_50_769193.png 1 236 314 53 65
positive\05_08_50_804079.png 1 234 318 56 66
positive\05_08_50_824659.png 1 234 316 56 65
positive\05_08_50_849410.png 1 234 316 56 65
positive\05_08_50_877486.png 1 234 316 56 65
positive\05_08_50_907541.png 1 234 316 56 65
positive\05_08_50_937932.png 1 237 321 47 59
positive\05_08_50_968464.png 1 237 321 47 59
positive\05_08_51_002072.png 1 233 319 61 58
positive\05_08_51_022474.png 1 231 315 58 65
positive\05_08_51_072378.png 1 220 313 60 64
positive\05_08_52_126796.png 1 224 311 63 69
positive\05_08_52_166595.png 1 224 311 63 69
positive\05_08_52_193234.png 1 224 311 63 69
positive\05_08_52_223555.png 1 224 311 63 69
positive\05_08_52_252880.png 1 224 311 63 69
positive\05_08_52_284563.png 1 227 311 60 67
positive\05_08_52_308534.png 1 227 311 60 67
positive\05_08_52_343058.png 1 227 311 60 67
positive\05_08_52_375853.png 1 223 311 62 67
positive\05_08_52_411231.png 1 224 316 60 65
positive\05_08_52_440718.png 1 224 316 60 65
positive\05_08_52_471780.png 1 224 316 60 65
positive\05_08_52_502899.png 1 224 316 60 65
positive\05_08_52_538958.png 1 224 316 60 65
positive\05_08_52_567556.png 1 224 316 60 65
positive\05_08_52_588709.png 1 224 316 60 65
positive\05_08_52_611063.png 1 224 316 60 65
positive\05_08_52_636023.png 1 224 316 60 65
positive\05_08_52_669658.png 1 224 316 60 65
positive\05_08_52_704186.png 1 224 316 60 65
positive\05_08_52_734988.png 1 224 316 60 65
positive\05_08_52_771162.png 1 224 316 60 65
positive\05_08_52_808708.png 1 224 316 60 65
positive\05_08_52_846067.png 1 224 316 60 65
positive\05_08_52_872701.png 1 224 316 60 65
positive\05_08_52_903296.png 1 224 316 60 65
positive\05_08_52_935874.png 1 224 316 60 65
positive\05_08_52_967870.png 1 224 316 60 65
positive\05_08_53_000961.png 1 216 306 76 89
positive\05_08_53_029005.png 1 216 306 76 89
positive\05_08_53_057600.png 1 203 300 103 105
positive\05_08_53_091052.png 1 203 300 103 105
positive\05_08_53_111457.png 1 203 303 110 113
positive\05_08_53_167840.png 1 186 304 126 123
positive\05_08_53_557724.png 1 189 300 137 137
positive\05_08_53_582143.png 1 186 293 140 139
positive\05_08_53_607906.png 1 199 288 118 144
positive\05_08_53_637789.png 1 197 292 124 137
positive\05_08_53_673425.png 1 203 295 115 137
positive\05_08_53_708560.png 1 198 283 116 147
positive\05_08_53_744885.png 1 207 294 108 130
positive\05_08_53_777188.png 1 202 293 103 125
positive\05_08_53_808069.png 1 204 290 103 129
positive\05_08_53_834850.png 1 207 300 86 109
positive\05_08_53_867791.png 1 207 296 93 114
positive\05_08_53_905119.png 1 205 294 91 114
positive\05_08_53_927303.png 1 210 295 85 118
positive\05_08_53_948177.png 1 210 297 90 109
positive\05_08_53_974933.png 1 203 301 96 112
positive\05_08_54_005497.png 1 210 317 100 82
positive\05_08_54_369816.png 1 217 304 84 98
positive\05_08_54_408218.png 1 224 303 70 104
positive\05_08_54_435052.png 1 230 301 61 107
positive\05_08_54_470654.png 1 225 300 64 104
positive\05_08_54_503566.png 1 225 300 64 104
positive\05_08_54_532008.png 1 225 300 64 104
positive\05_08_54_566483.png 1 214 294 78 117
positive\05_08_54_601784.png 1 214 294 78 117
positive\05_08_54_640412.png 1 205 299 98 114
positive\05_08_55_514397.png 1 215 299 72 115
positive\05_08_55_538583.png 1 222 305 65 103
positive\05_08_55_570140.png 1 197 336 114 54
positive\05_08_55_604727.png 1 212 314 100 90
positive\05_08_55_635255.png 1 213 307 93 99
positive\05_08_55_661381.png 1 213 307 93 99
positive\05_08_55_682919.png 1 196 298 111 101
positive\05_08_55_710108.png 1 197 295 116 97
positive\05_08_55_738928.png 1 197 295 116 97
positive\05_08_55_769984.png 1 197 311 124 72
positive\05_08_55_805286.png 1 201 315 115 80
positive\05_08_55_837039.png 1 205 310 100 87
positive\05_08_55_860032.png 1 206 307 100 93
positive\05_08_55_884431.png 1 206 307 100 93
positive\05_08_55_920737.png 1 206 307 100 93
positive\05_08_55_957674.png 1 211 306 82 101
positive\05_08_55_991249.png 1 217 300 74 108
positive\05_08_56_019408.png 1 226 303 64 108
positive\05_08_56_048050.png 1 221 305 70 104
positive\05_08_56_078635.png 1 225 300 65 110
positive\05_08_56_113750.png 1 219 292 69 116
positive\05_08_56_146469.png 1 219 298 76 115
positive\05_08_56_184632.png 1 222 303 67 110
positive\05_08_56_222709.png 1 206 302 92 108
positive\05_08_56_262324.png 1 206 298 99 112
positive\05_08_56_301914.png 1 206 298 99 112
positive\05_08_57_000804.png 1 200 302 105 102
positive\05_08_57_025467.png 1 208 303 96 106
positive\05_08_57_059649.png 1 208 303 96 106
positive\05_08_57_091155.png 1 208 303 96 106
positive\05_08_57_115326.png 1 208 303 96 106
positive\05_08_57_145899.png 1 208 303 96 106
positive\05_08_57_169318.png 1 208 303 96 106
positive\05_08_57_199896.png 1 208 303 96 106
positive\05_08_57_230955.png 1 208 303 96 106
positive\05_08_57_257003.png 1 208 303 96 106
positive\05_08_57_280096.png 1 206 300 93 83
positive\05_08_57_309925.png 1 206 300 93 83
positive\05_08_57_336453.png 1 227 312 57 55
positive\05_08_57_371982.png 1 234 316 47 49
positive\05_08_57_406181.png 1 234 316 47 49
positive\05_08_57_433555.png 1 234 316 47 49
positive\05_08_57_452246.png 1 234 316 47 49
positive\05_08_57_479928.png 1 234 316 47 49
positive\05_08_57_688908.png 1 234 316 47 49
positive\05_08_57_972729.png 1 234 316 47 49
positive\05_08_57_998278.png 1 234 316 47 49
positive\05_08_58_035169.png 1 234 316 47 49
positive\05_08_58_070758.png 1 234 316 47 49
positive\05_08_58_104128.png 1 234 316 47 49
positive\05_08_58_144491.png 1 234 316 47 49
positive\05_08_58_168053.png 1 234 316 47 49
positive\05_08_58_242678.png 1 234 316 47 49
positive\05_08_58_283246.png 1 234 316 47 49
positive\05_08_58_306216.png 1 234 316 47 49
positive\05_09_02_878176.png 1 234 316 47 49
positive\05_09_02_909417.png 1 234 316 47 49
positive\05_09_02_939260.png 1 234 316 47 49
positive\05_09_02_966211.png 1 234 316 47 49
positive\05_09_03_035005.png 1 234 316 47 49
positive\05_09_03_062012.png 1 234 316 47 49
positive\05_09_03_092731.png 1 234 316 47 49
positive\05_09_03_123778.png 1 234 316 47 49
positive\05_09_03_148490.png 1 234 316 47 49
positive\05_09_03_189218.png 1 234 316 47 49
positive\05_09_03_212725.png 1 234 316 47 49
positive\05_09_03_248000.png 1 234 316 47 49
positive\05_09_03_270146.png 1 234 316 47 49
positive\05_09_03_308190.png 1 234 316 47 49
positive\05_09_03_335478.png 1 234 316 47 49
positive\05_09_03_367165.png 1 234 316 47 49
positive\05_09_03_403793.png 1 234 316 47 49
positive\05_09_03_435585.png 1 234 316 47 49
positive\05_09_03_465491.png 1 234 316 47 49
positive\05_09_03_492353.png 1 234 316 47 49
positive\05_09_03_533636.png 1 234 316 47 49
positive\05_09_03_569950.png 1 234 316 47 49
positive\05_09_03_595027.png 1 234 316 47 49
positive\05_09_03_639233.png 1 234 316 47 49
positive\05_09_03_667401.png 1 234 316 47 49
positive\05_09_03_703520.png 1 234 316 47 49
positive\05_09_03_728630.png 1 234 316 47 49
positive\05_09_03_758890.png 1 234 316 47 49
positive\05_09_03_783190.png 1 234 316 47 49
positive\05_09_03_814397.png 1 234 316 47 49
positive\05_09_03_848043.png 1 234 316 47 49
positive\05_09_03_873514.png 1 234 316 47 49
positive\05_09_03_903694.png 1 234 316 47 49
positive\05_09_03_935483.png 1 234 316 47 49
positive\05_09_03_977043.png 1 234 316 47 49
positive\05_09_04_016058.png 1 234 316 47 49
positive\05_09_04_042446.png 1 234 316 47 49
positive\05_09_04_078296.png 1 234 316 47 49
positive\05_09_04_105904.png 1 234 316 47 49
positive\05_09_04_140876.png 1 234 316 47 49
positive\05_09_04_166679.png 1 234 316 47 49
positive\05_09_04_205869.png 1 234 316 47 49
positive\05_09_04_237457.png 1 234 316 47 49
positive\05_09_04_272318.png 1 234 316 47 49
positive\05_09_04_307411.png 1 234 316 47 49
positive\05_09_04_345127.png 1 234 316 47 49
positive\05_09_04_374429.png 1 234 316 47 49
positive\05_09_04_406288.png 1 234 316 47 49
positive\05_09_04_434888.png 1 234 316 47 49
positive\05_09_04_468293.png 1 234 316 47 49
positive\05_09_04_496491.png 1 234 316 47 49
positive\05_09_04_535277.png 1 234 316 47 49
positive\05_09_04_577104.png 1 234 316 47 49
positive\05_09_04_606407.png 1 234 316 47 49
positive\05_09_04_637630.png 1 234 316 47 49
positive\05_09_04_668435.png 1 234 316 47 49
positive\05_09_04_703994.png 1 234 316 47 49
positive\05_09_04_727890.png 1 234 316 47 49
positive\05_09_04_758149.png 1 234 316 47 49
positive\05_09_04_792777.png 1 234 316 47 49
positive\05_09_04_817935.png 1 234 316 47 49
positive\05_09_04_841939.png 1 234 316 47 49
positive\05_09_04_870077.png 1 234 316 47 49
positive\05_09_04_905039.png 1 234 316 47 49
positive\05_09_04_967979.png 1 234 316 47 49
positive\05_09_04_999929.png 1 234 316 47 49
positive\05_09_05_026220.png 1 234 316 47 49
positive\05_09_05_055109.png 1 234 316 47 49
positive\05_09_05_085829.png 1 234 316 47 49
positive\05_09_05_109227.png 1 234 316 47 49
positive\05_09_05_135396.png 1 234 316 47 49
positive\05_09_05_168551.png 1 234 316 47 49
positive\05_09_05_199239.png 1 234 316 47 49
positive\05_09_05_225718.png 1 234 316 47 49
positive\05_09_05_254959.png 1 234 316 47 49
positive\05_09_06_737539.png 1 234 316 47 49
positive\05_09_06_767305.png 1 234 316 47 49
positive\05_09_06_805094.png 1 234 316 47 49
positive\05_09_06_836338.png 1 234 316 47 49
positive\05_09_06_866558.png 1 234 316 47 49
positive\05_09_06_905028.png 1 234 316 47 49
positive\05_09_06_934243.png 1 234 316 47 49
positive\05_09_06_958835.png 1 234 316 47 49
positive\05_09_06_981912.png 1 234 316 47 49
positive\05_09_07_016546.png 1 234 316 47 49
positive\05_09_07_048315.png 1 234 316 47 49
positive\05_09_07_071393.png 1 234 316 47 49
positive\05_09_07_100982.png 1 234 316 47 49
positive\05_09_07_132922.png 1 234 316 47 49
positive\05_09_07_159788.png 1 234 316 47 49
positive\05_09_07_188747.png 1 234 316 47 49
positive\05_09_07_216802.png 1 234 316 47 49
positive\05_09_07_247962.png 1 234 316 47 49
positive\05_09_07_283893.png 1 234 316 47 49
positive\05_09_07_654736.png 1 234 316 47 49
positive\05_09_08_352406.png 1 240 318 31 42
positive\05_09_08_388193.png 1 240 318 31 42
positive\05_09_08_419956.png 1 240 318 31 42
positive\05_09_08_456360.png 1 240 318 31 42
positive\05_09_08_485828.png 1 240 318 31 42
positive\05_09_08_518167.png 1 240 318 31 42
positive\05_09_08_556249.png 1 240 318 31 42
positive\05_09_08_607872.png 1 240 318 31 42
positive\05_09_08_644109.png 1 240 318 31 42
positive\05_09_08_680741.png 1 240 318 31 42
positive\05_09_10_438668.png 1 236 321 41 41
positive\05_09_10_476385.png 1 236 321 41 41
positive\05_09_10_517471.png 1 236 321 41 41
positive\05_09_10_542435.png 1 237 319 39 41
positive\05_09_10_568187.png 1 237 319 39 41
positive\05_09_10_606470.png 1 237 319 39 41
positive\05_09_10_638930.png 1 237 319 39 41
positive\05_09_10_660104.png 1 237 319 39 41
positive\05_09_10_686168.png 1 237 319 39 41
positive\05_09_10_707286.png 1 237 319 39 41
positive\05_09_10_738667.png 1 237 319 39 41
positive\05_09_10_777527.png 1 237 319 39 41
positive\05_09_10_807264.png 1 237 319 39 41
positive\05_09_10_838165.png 1 237 319 39 41
positive\05_09_10_872675.png 1 237 319 39 41
positive\05_09_10_903580.png 1 237 319 39 41
positive\05_09_10_926182.png 1 237 319 39 41
positive\05_09_10_958159.png 1 237 319 39 41
positive\05_09_10_982759.png 1 237 319 39 41
positive\05_09_11_025803.png 1 237 319 39 41
positive\05_09_11_057065.png 1 237 319 39 41
positive\05_09_11_084881.png 1 237 319 39 41
positive\05_09_11_111283.png 1 237 319 39 41
positive\05_09_11_138397.png 1 237 319 39 41
positive\05_09_11_171745.png 1 237 319 39 41
positive\05_09_11_207438.png 1 237 319 39 41
positive\05_09_12_880070.png 1 237 319 39 41
positive\05_09_12_909011.png 1 237 319 39 41
positive\05_09_12_939272.png 1 237 319 39 41
positive\05_09_12_974822.png 1 237 319 39 41
positive\05_09_13_008394.png 1 237 319 39 41
positive\05_09_13_035468.png 1 237 319 39 41
positive\05_09_13_067590.png 1 237 319 39 41
positive\05_09_13_104981.png 1 237 319 39 41
positive\05_09_13_138587.png 1 237 319 39 41
positive\05_09_13_205830.png 1 237 319 39 41
positive\05_09_13_236569.png 1 237 319 39 41
positive\05_09_13_273991.png 1 237 319 39 41
positive\05_09_13_347492.png 1 237 319 39 41
positive\05_09_13_377589.png 1 237 319 39 41
positive\05_09_13_404665.png 1 237 319 39 41
positive\05_09_13_437555.png 1 237 319 39 41
positive\05_09_13_468194.png 1 237 319 39 41
positive\05_09_13_501827.png 1 237 319 39 41
positive\05_09_13_532558.png 1 237 319 39 41
positive\05_09_13_557803.png 1 237 319 39 41
positive\05_09_13_582851.png 1 237 319 39 41
positive\05_09_13_609093.png 1 237 319 39 41
positive\05_09_13_636937.png 1 237 319 39 41
positive\05_09_13_668242.png 1 237 319 39 41
positive\05_09_13_703035.png 1 237 319 39 41
positive\05_09_13_737617.png 1 237 319 39 41
positive\05_09_14_256708.png 1 237 319 39 41
positive\05_09_14_284024.png 1 237 319 39 41
positive\05_09_14_318154.png 1 237 319 39 41
positive\05_09_14_355069.png 1 237 319 39 41
positive\05_09_14_390511.png 1 237 319 39 41
positive\05_09_14_422979.png 1 237 319 39 41
positive\05_09_14_457413.png 1 237 319 39 41
positive\05_09_14_488919.png 1 237 319 39 41
positive\05_09_14_523260.png 1 237 319 39 41
positive\05_09_14_557672.png 1 237 319 39 41
positive\05_09_14_587996.png 1 237 319 39 41
positive\05_09_14_629801.png 1 237 319 39 41
positive\05_09_14_877931.png 1 237 319 39 41
positive\05_09_14_912411.png 1 237 319 39 41
positive\05_09_14_936035.png 1 237 319 39 41
positive\05_09_14_958062.png 1 237 319 39 41
positive\05_09_14_990999.png 1 237 319 39 41
positive\05_09_15_013695.png 1 237 319 39 41
positive\05_09_15_048070.png 1 237 319 39 41
positive\05_09_15_072721.png 1 237 319 39 41
positive\05_09_15_115212.png 1 237 319 39 41
positive\05_09_15_142432.png 1 237 319 39 41
positive\05_09_15_168805.png 1 237 319 39 41
positive\05_09_15_672910.png 1 237 319 39 41
positive\05_09_15_701125.png 1 237 319 39 41
positive\05_09_15_734048.png 1 237 319 39 41
positive\05_09_15_758569.png 1 237 319 39 41
positive\05_09_15_789711.png 1 237 319 39 41
positive\05_09_15_817166.png 1 237 319 39 41
positive\05_09_15_855267.png 1 237 319 39 41
positive\05_09_15_887042.png 1 237 319 39 41
positive\05_09_15_911254.png 1 237 319 39 41
positive\05_09_15_945232.png 1 237 319 39 41
positive\05_09_15_976298.png 1 237 319 39 41
positive\05_09_16_006783.png 1 237 319 39 41
positive\05_09_16_041834.png 1 237 319 39 41
positive\05_09_16_068005.png 1 237 319 39 41
positive\05_09_16_093507.png 1 237 319 39 41
positive\05_09_16_121107.png 1 237 319 39 41
positive\05_09_16_146211.png 1 235 316 36 41
positive\05_09_16_181600.png 1 237 316 36 44
positive\05_09_16_207002.png 1 237 316 36 44
positive\05_09_16_242312.png 1 243 321 31 40
positive\05_09_16_304184.png 1 240 324 38 33
positive\05_09_16_336165.png 1 240 324 38 33
positive\05_09_16_367208.png 1 240 324 38 33
positive\05_09_16_399223.png 1 240 324 38 33
positive\05_09_16_426081.png 1 240 324 38 33
positive\05_08_18_470514.png 1 229 306 51 72
positive\05_08_18_643200.png 1 221 312 67 64
positive\05_08_18_679666.png 1 219 312 63 63
positive\05_09_02_998999.png 1 234 320 44 41
positive\05_09_04_926318.png 1 241 320 31 40
positive\05_09_13_177182.png 1 238 317 31 43
positive\05_09_13_315184.png 1 240 318 37 42
positive\22_31_47_626131.png 1 53 126 79 105
positive\22_31_47_722766.png 1 59 135 74 95
positive\22_31_47_821391.png 1 59 135 74 95
positive\22_31_47_916049.png 1 59 135 74 95
positive\22_31_48_015023.png 1 59 135 74 95
positive\22_31_48_109040.png 1 59 135 74 95
positive\22_31_50_601042.png 1 59 135 74 95
positive\22_31_50_701346.png 1 59 135 74 95
positive\22_32_16_858849.png 1 10 112 184 151
positive\22_32_16_959002.png 1 10 112 184 151
positive\22_32_17_054583.png 1 10 112 184 151
positive\22_32_17_154036.png 1 10 112 184 151
positive\22_32_17_257995.png 1 10 112 184 151
positive\22_32_17_359994.png 1 10 112 184 151
positive\22_32_17_454537.png 1 10 112 184 151
positive\22_32_17_553702.png 1 10 112 184 151
positive\22_32_17_654117.png 1 14 112 180 117
positive\22_32_17_751087.png 1 14 112 180 117
positive\22_32_17_853136.png 1 14 112 180 117
positive\22_32_17_954093.png 1 14 112 180 117
positive\22_32_18_053827.png 1 14 112 180 117
positive\22_32_18_151872.png 1 19 112 177 131
positive\22_32_18_246831.png 1 19 112 177 131
positive\22_32_18_345655.png 1 30 110 168 145
positive\22_32_18_441209.png 1 30 110 168 145
positive\22_32_18_557207.png 1 44 102 146 165
positive\22_32_18_662476.png 1 46 106 136 169
positive\22_32_18_764001.png 1 50 109 127 170
positive\22_32_18_869325.png 1 54 105 111 179
positive\22_32_25_097964.png 1 10 119 180 130
positive\22_32_25_194786.png 1 13 119 177 130
positive\22_32_25_293418.png 1 13 119 177 131
positive\22_32_25_396897.png 1 13 119 177 131
positive\22_32_25_499209.png 1 11 117 157 127
positive\22_32_25_600926.png 1 20 114 140 137
positive\22_32_25_702555.png 1 29 107 118 157
positive\22_32_25_799959.png 1 29 107 118 157
positive\22_32_25_895701.png 1 51 98 90 174
positive\22_32_38_591179.png 1 17 119 177 97
positive\22_32_38_689047.png 1 17 119 177 97
positive\22_32_38_789320.png 1 19 120 178 96
positive\22_32_38_883739.png 1 19 120 178 96
positive\22_32_38_981182.png 1 19 120 178 96
positive\22_32_39_072896.png 1 19 120 178 96
positive\22_32_39_167206.png 1 19 120 178 96
positive\22_32_39_272888.png 1 17 116 176 108
positive\22_32_39_369412.png 1 17 116 176 108
positive\22_32_39_472107.png 1 13 117 180 118
positive\22_32_39_571295.png 1 13 117 180 118
positive\22_32_39_675586.png 1 13 117 180 118
positive\22_32_39_782079.png 1 13 117 180 118
positive\22_32_39_878011.png 1 13 117 180 118
positive\22_32_39_980074.png 1 13 117 180 118
positive\22_32_40_078162.png 1 29 125 148 96
positive\22_32_40_179075.png 1 29 125 148 96
positive\22_32_40_290100.png 1 25 120 135 108
positive\22_32_40_399624.png 1 32 117 116 117
positive\22_32_40_503661.png 1 46 122 94 115
positive\22_32_40_601314.png 1 62 119 73 135
positive\22_32_40_704723.png 1 48 116 93 135
positive\22_32_40_801184.png 1 27 127 136 99
positive\22_32_40_899030.png 1 27 127 136 99
positive\22_32_41_004979.png 1 27 127 136 99
positive\22_32_41_105978.png 1 27 127 136 99
positive\22_32_41_211096.png 1 21 125 149 87
positive\22_32_41_311177.png 1 21 133 152 75
positive\22_34_28_267148.png 1 35 83 123 79
positive\22_34_28_366899.png 1 35 83 123 79
positive\22_34_28_461262.png 1 35 83 123 79
positive\22_34_28_561004.png 1 35 83 123 79
positive\22_34_28_654830.png 1 35 83 123 79
positive\22_34_28_753615.png 1 35 83 123 79
positive\22_34_28_855865.png 1 35 83 123 79
positive\22_34_28_952709.png 1 35 83 123 79
positive\22_34_29_050768.png 1 35 83 123 79
positive\22_34_29_149032.png 1 35 83 123 79
positive\22_34_29_242800.png 1 42 81 118 94
positive\22_34_29_342044.png 1 59 84 93 99
positive\22_34_29_441186.png 1 52 75 93 117
positive\22_34_29_543627.png 1 52 75 93 117
positive\22_34_29_638959.png 1 52 75 93 117
positive\22_34_29_731406.png 1 68 71 58 121
positive\22_34_29_821085.png 1 72 67 61 122
positive\22_34_29_919245.png 1 69 69 75 112
positive\22_34_30_023968.png 1 66 75 87 95
positive\22_34_30_122482.png 1 60 77 99 86
positive\22_34_30_222235.png 1 55 82 109 75
positive\22_34_30_313754.png 1 53 86 111 72
positive\22_34_36_549873.png 1 20 78 152 102
positive\22_34_36_652299.png 1 24 79 147 103
positive\22_34_36_750309.png 1 26 74 145 105
positive\22_34_36_849276.png 1 20 77 155 105
positive\22_34_36_949071.png 1 23 74 152 105
positive\22_34_37_044125.png 1 26 78 147 106
positive\22_34_37_149970.png 1 33 67 134 129
positive\22_34_37_251975.png 1 50 69 117 127
positive\22_34_37_348316.png 1 50 69 106 129
positive\22_34_37_443849.png 1 58 64 91 133
positive\22_34_37_549999.png 1 57 70 96 129
positive\22_34_37_649261.png 1 59 67 94 132
positive\22_34_37_749035.png 1 64 68 71 130
positive\22_34_37_854938.png 1 65 61 71 131
positive\22_34_37_960279.png 1 65 61 71 131
positive\22_34_38_057950.png 1 65 61 71 131
positive\22_34_38_155833.png 1 65 61 71 131
positive\22_34_38_252799.png 1 65 61 71 131
positive\22_34_38_348729.png 1 51 65 101 133
positive\22_34_38_448768.png 1 46 74 115 123
positive\22_34_38_553002.png 1 26 82 144 85
positive\22_34_38_649128.png 1 25 75 144 82
positive\22_34_38_750100.png 1 25 76 137 93
positive\22_34_38_853912.png 1 27 65 126 119
positive\22_34_38_952609.png 1 43 62 100 130
positive\22_34_39_065010.png 1 61 62 69 135
positive\22_34_39_169996.png 1 66 54 66 142
positive\22_34_39_270277.png 1 65 53 65 142
positive\22_34_39_365191.png 1 65 55 72 139
positive\22_34_39_463686.png 1 67 55 65 142
positive\22_34_39_560465.png 1 64 55 66 140
positive\22_34_39_657280.png 1 60 52 75 147
positive\22_34_39_758289.png 1 64 54 70 142
positive\22_34_46_498663.png 1 64 60 63 116
positive\22_34_46_596203.png 1 67 53 64 123
positive\22_34_46_692744.png 1 69 54 61 120
positive\22_34_46_792641.png 1 60 56 74 123
positive\22_34_46_897994.png 1 60 56 74 123
positive\22_34_46_999263.png 1 60 56 74 123
positive\22_34_47_102116.png 1 60 56 74 123
positive\22_34_47_196786.png 1 60 56 74 123
positive\22_34_47_294490.png 1 60 56 74 123
positive\22_34_47_388707.png 1 60 56 74 123
positive\22_34_47_485539.png 1 60 56 74 123
positive\22_34_47_585934.png 1 60 56 74 123
positive\22_34_47_685929.png 1 50 56 90 114
positive\22_34_47_784904.png 1 50 56 90 114
positive\22_34_47_884998.png 1 50 56 90 114
positive\22_34_47_983923.png 1 50 56 90 114
positive\22_34_48_084663.png 1 35 70 125 84
positive\22_34_48_196903.png 1 35 70 125 84
positive\22_34_48_298236.png 1 35 70 125 84
positive\22_34_48_399069.png 1 35 70 125 84
positive\22_34_48_494509.png 1 35 70 125 84
positive\22_34_48_589176.png 1 60 66 97 104
positive\22_34_48_687080.png 1 60 66 97 104
positive\22_34_48_786241.png 1 60 66 97 104
positive\22_34_48_881023.png 1 64 52 68 137
positive\22_34_48_983830.png 1 64 52 68 137
positive\22_34_49_079311.png 1 64 52 68 137
positive\22_34_49_174126.png 1 53 71 96 109
positive\22_34_53_937234.png 1 65 53 70 128
positive\22_34_54_033078.png 1 65 53 70 128
positive\22_34_54_126041.png 1 65 53 70 128
positive\22_34_54_221030.png 1 65 53 70 128
positive\22_34_54_313594.png 1 51 55 86 114
positive\22_34_54_406008.png 1 51 55 86 114
positive\22_34_54_496929.png 1 45 62 102 93
positive\22_34_54_614155.png 1 45 62 102 93
positive\22_34_54_806710.png 1 41 72 117 79
positive\22_34_54_907878.png 1 41 72 117 79
positive\22_34_55_007014.png 1 41 72 117 79
positive\22_34_55_110219.png 1 41 72 117 79
positive\22_34_55_212018.png 1 41 72 117 79
positive\22_34_55_409717.png 1 41 72 117 79
positive\22_34_55_509884.png 1 41 72 117 79
positive\22_34_55_626016.png 1 60 69 97 95
positive\22_34_55_731216.png 1 60 69 97 95
positive\22_34_55_828912.png 1 68 60 75 121
positive\22_34_55_926075.png 1 60 55 67 132
positive\22_34_56_020126.png 1 61 59 81 128
positive\22_34_56_116925.png 1 54 71 95 109
positive\22_34_56_213747.png 1 51 86 104 81
positive\22_34_56_309379.png 1 40 82 119 78
positive\22_34_56_411748.png 1 40 82 119 78
positive\22_34_56_506116.png 1 40 82 119 78
positive\22_35_01_447027.png 1 65 80 66 116
positive\22_35_01_636754.png 1 60 72 86 124
positive\22_35_01_735829.png 1 60 72 86 124
positive\22_35_01_833680.png 1 60 72 86 124
positive\22_35_01_927887.png 1 60 72 86 124
positive\22_35_02_029124.png 1 49 84 103 104
positive\22_35_02_122403.png 1 49 84 103 104
positive\22_35_02_318357.png 1 39 80 113 90
positive\22_35_02_417140.png 1 42 76 101 103
positive\22_35_02_514302.png 1 54 78 81 108
positive\22_35_02_617011.png 1 54 78 81 108
positive\22_35_02_711403.png 1 54 78 81 108
positive\22_35_02_810167.png 1 54 78 81 108
positive\22_35_02_908039.png 1 62 77 70 112
positive\22_35_03_004882.png 1 62 77 70 112
positive\22_35_03_107788.png 1 62 77 70 112
positive\22_35_03_214012.png 1 62 77 70 112
positive\22_35_03_314933.png 1 62 77 70 112
positive\22_35_03_414125.png 1 62 77 70 112
positive\22_35_03_515763.png 1 62 77 70 112
positive\22_35_03_609179.png 1 62 77 70 112
positive\22_35_03_707970.png 1 53 77 83 112
positive\22_35_03_804582.png 1 53 77 83 112
positive\22_35_03_907969.png 1 48 78 95 106
positive\22_35_04_012042.png 1 48 78 95 106
positive\22_35_04_108219.png 1 48 78 95 106
positive\22_35_04_207027.png 1 44 76 115 102
positive\22_35_04_299153.png 1 44 76 115 102
positive\22_35_12_333968.png 1 12 89 183 96
positive\22_35_12_434496.png 1 11 75 183 119
positive\22_35_12_529975.png 1 11 75 183 119
positive\22_35_12_625277.png 1 11 75 183 119
positive\22_35_12_726875.png 1 25 75 162 111
positive\22_35_12_820490.png 1 25 75 162 111
positive\22_35_12_918256.png 1 25 75 162 111
positive\22_35_13_014728.png 1 38 72 127 111
positive\22_35_13_114712.png 1 38 72 127 111
positive\22_35_13_210018.png 1 38 72 127 111
positive\22_35_13_307079.png 1 38 72 127 111
positive\22_35_13_406048.png 1 38 72 127 111
positive\22_35_13_505168.png 1 38 72 127 111
positive\22_35_13_604643.png 1 38 72 127 111
positive\22_35_13_705061.png 1 38 72 127 111
positive\22_35_13_805021.png 1 38 72 127 111
positive\22_35_13_908165.png 1 43 83 121 76
positive\22_35_14_014725.png 1 43 83 121 76
positive\22_35_14_120404.png 1 43 83 121 76
positive\22_35_14_217239.png 1 43 83 121 76
positive\22_35_14_312530.png 1 43 83 121 76
positive\22_35_14_411426.png 1 47 78 118 90
positive\22_35_14_504061.png 1 47 78 118 90
positive\22_35_14_605098.png 1 47 78 118 90
positive\22_35_14_701858.png 1 47 78 118 90
positive\22_35_14_805525.png 1 41 75 101 106
positive\22_35_19_773956.png 1 41 75 101 106
positive\22_35_19_876319.png 1 47 74 108 114
positive\22_35_19_976467.png 1 47 74 108 114
positive\22_35_20_072152.png 1 47 74 108 114
positive\22_35_20_176615.png 1 47 74 108 114
positive\22_35_20_273583.png 1 63 65 76 129
positive\22_35_20_368995.png 1 66 79 71 118
positive\22_35_20_472718.png 1 66 79 71 118
positive\22_35_20_581120.png 1 66 79 71 118
positive\22_35_20_685590.png 1 66 79 71 118
positive\22_35_20_784871.png 1 66 79 71 118
positive\22_35_20_886115.png 1 66 79 71 118
positive\22_35_20_982133.png 1 66 79 71 118
positive\22_35_21_079035.png 1 66 79 71 118
positive\22_35_21_173764.png 1 66 79 71 118
positive\22_35_21_276877.png 1 66 79 71 118
positive\22_35_21_378361.png 1 66 79 71 118
positive\22_35_21_480296.png 1 66 79 71 118
positive\22_35_21_579197.png 1 66 79 71 118
positive\22_37_02_398000.png 1 25 80 151 118
positive\22_37_02_494742.png 1 25 80 151 118
positive\22_37_02_596820.png 1 25 80 151 118
positive\22_37_02_697819.png 1 25 80 151 118
positive\22_37_02_794760.png 1 23 76 149 123
positive\22_37_02_899973.png 1 23 76 149 123
positive\22_37_02_999304.png 1 23 76 149 123
positive\22_37_03_096005.png 1 23 76 149 123
positive\22_37_03_193004.png 1 23 76 149 123
positive\22_37_03_289889.png 1 42 76 152 121
positive\22_37_03_397988.png 1 42 76 152 121
positive\22_37_03_504841.png 1 23 75 145 119
positive\22_37_03_602384.png 1 27 70 131 129
positive\22_37_03_701039.png 1 27 70 131 129
positive\22_37_03_802601.png 1 47 71 148 126
positive\22_37_03_900151.png 1 47 67 139 132
positive\22_37_03_994213.png 1 17 79 151 120
positive\22_37_04_090170.png 1 17 79 151 120
positive\22_37_04_191400.png 1 17 79 151 120
positive\22_37_04_285611.png 1 48 71 147 128
positive\22_37_19_798718.png 1 17 77 158 91
positive\22_37_19_896091.png 1 17 77 158 91
positive\22_37_19_993065.png 1 17 77 158 91
positive\22_37_20_088014.png 1 17 77 158 91
positive\22_37_20_182529.png 1 18 64 136 129
positive\22_37_20_278006.png 1 30 57 121 141
positive\22_37_20_372806.png 1 30 57 121 141
positive\22_37_20_473227.png 1 33 67 143 131
positive\22_37_20_569586.png 1 33 67 143 131
positive\22_37_20_662807.png 1 33 67 143 131
positive\22_37_20_763737.png 1 17 62 157 133
positive\22_37_20_863841.png 1 12 63 150 125
positive\22_37_20_967882.png 1 28 66 131 132
positive\22_37_21_066176.png 1 28 66 131 132
positive\22_37_21_165194.png 1 31 45 113 143
positive\22_37_21_261108.png 1 28 73 154 108
positive\22_37_21_359392.png 1 53 60 129 128
positive\22_37_21_468379.png 1 56 67 108 130
positive\22_37_21_572564.png 1 41 66 133 130
positive\22_37_21_677273.png 1 12 66 149 130
positive\22_37_21_780358.png 1 31 66 118 132
positive\22_37_21_880259.png 1 27 56 137 131
positive\22_37_21_975069.png 1 25 77 141 82
positive\22_37_22_074848.png 1 37 66 151 116
positive\22_37_22_176160.png 1 41 61 133 132
positive\22_37_22_274817.png 1 45 66 111 132
positive\22_37_22_374605.png 1 35 63 138 136
positive\22_37_22_474134.png 1 35 67 139 131
positive\22_37_22_571160.png 1 31 69 136 123
positive\22_37_22_668169.png 1 36 65 134 124
positive\22_37_22_765820.png 1 38 64 132 126
positive\23_02_41_658912.png 1 62 81 77 104
positive\23_02_41_771014.png 1 66 80 69 102
positive\23_02_43_110230.png 1 65 83 72 98
positive\23_02_43_210367.png 1 65 83 72 98
positive\23_02_43_310811.png 1 65 83 72 98
positive\23_02_43_416938.png 1 65 83 72 98
positive\23_02_44_416087.png 1 65 83 72 98
positive\23_02_44_517101.png 1 65 83 72 98
positive\23_02_44_621102.png 1 65 83 72 98
positive\23_02_44_723564.png 1 65 83 72 98
positive\23_02_44_819836.png 1 65 83 72 98
positive\23_02_45_406082.png 1 65 83 72 98
positive\23_02_45_508961.png 1 55 83 89 94
positive\23_02_45_608007.png 1 55 83 89 94
positive\23_02_45_710838.png 1 55 83 89 94
positive\23_02_45_811318.png 1 46 83 103 95
positive\23_02_46_403839.png 1 46 83 103 95
positive\23_02_46_503943.png 1 46 83 103 95
positive\23_02_46_601153.png 1 46 83 103 95
positive\23_02_46_805355.png 1 46 83 103 95
positive\23_02_47_312838.png 1 46 83 103 95
positive\23_02_47_413043.png 1 46 83 103 95
positive\23_02_47_516561.png 1 46 83 103 95
positive\23_02_48_233493.png 1 65 81 69 97
positive\23_02_48_333460.png 1 65 81 69 97
positive\23_02_48_430830.png 1 65 81 69 97
positive\23_02_49_042329.png 1 65 81 69 97
positive\23_02_49_138985.png 1 46 89 107 71
positive\23_02_49_240271.png 1 46 89 107 71
positive\23_02_50_463626.png 1 46 89 107 71
positive\23_02_50_571064.png 1 59 78 89 92
positive\23_02_50_674680.png 1 59 78 89 92
positive\23_02_50_776986.png 1 59 78 89 92
positive\23_02_50_880995.png 1 59 78 89 92
positive\23_02_50_990225.png 1 59 78 89 92
positive\23_02_51_095788.png 1 59 78 89 92
positive\23_02_51_197591.png 1 59 78 89 92
positive\23_02_51_303620.png 1 59 78 89 92
positive\23_02_51_401061.png 1 59 78 89 92
positive\23_02_52_528941.png 1 59 78 89 92
positive\23_02_52_630219.png 1 59 78 89 92
positive\23_02_52_732066.png 1 59 78 89 92
positive\23_02_52_836936.png 1 59 78 89 92
positive\23_02_52_940964.png 1 59 78 89 92
positive\23_02_53_049000.png 1 59 78 89 92
positive\23_02_53_157068.png 1 59 78 89 92
positive\23_02_53_268128.png 1 59 78 89 92
positive\23_02_53_370211.png 1 59 78 89 92
positive\23_02_53_474827.png 1 59 78 89 92
positive\23_03_01_819216.png 1 61 83 79 81
positive\23_03_01_920493.png 1 61 83 79 81
positive\23_03_02_021443.png 1 67 85 77 77
positive\23_03_02_123732.png 1 67 85 77 77
positive\23_03_02_224555.png 1 67 85 77 77
positive\23_03_02_321381.png 1 67 85 77 77
positive\23_03_02_417754.png 1 67 85 77 77
positive\23_03_02_514881.png 1 55 93 85 71
positive\23_03_02_615910.png 1 79 89 56 65
positive\23_03_04_905786.png 1 28 88 93 68
positive\23_03_05_006875.png 1 26 93 93 66
positive\23_03_05_106954.png 1 55 87 87 71
positive\23_03_06_016395.png 1 69 88 72 77
positive\23_03_06_114707.png 1 72 88 71 77
positive\23_03_06_212748.png 1 63 90 83 75
positive\23_03_06_316582.png 1 61 90 84 73
positive\23_03_06_420127.png 1 61 90 84 73
positive\23_03_06_517068.png 1 61 90 84 73
positive\23_03_06_613890.png 1 61 90 84 73
positive\23_03_06_714953.png 1 61 90 84 73
positive\23_03_06_820047.png 1 50 92 94 72
positive\23_03_12_246623.png 1 63 87 79 70
positive\23_03_12_348991.png 1 63 87 79 70
positive\23_03_12_455927.png 1 63 87 79 70
positive\23_03_12_558043.png 1 63 87 79 70
positive\23_03_12_656635.png 1 63 87 79 70
positive\23_03_12_761351.png 1 63 87 79 70
positive\23_03_12_866156.png 1 63 87 79 70
positive\23_03_12_966244.png 1 63 87 79 70
positive\23_03_13_069345.png 1 63 87 79 70
positive\23_03_13_172165.png 1 63 87 79 70
positive\23_03_13_271446.png 1 83 91 101 72
positive\23_03_15_733925.png 1 62 86 96 89
positive\23_03_15_836009.png 1 62 86 96 89
positive\23_03_15_936279.png 1 62 86 96 89
positive\23_03_16_035784.png 1 62 86 96 89
positive\23_03_16_147369.png 1 62 86 96 89
positive\23_03_16_251237.png 1 62 86 96 89
positive\23_03_16_357913.png 1 62 86 96 89
positive\23_03_16_457663.png 1 62 86 96 89
positive\23_03_17_289093.png 1 62 86 96 89
positive\23_03_17_390903.png 1 62 86 96 89
positive\23_03_17_493812.png 1 49 80 97 99
positive\22_34_54_711070.png 1 45 76 107 71
positive\22_34_55_313580.png 1 50 81 115 73
positive\22_35_01_544852.png 1 66 76 66 121
positive\1727485028.3763747.jpg 1 362 281 79 77
positive\1727485028.8256106.jpg 1 369 286 59 72
positive\1727485029.540424.jpg 1 355 283 82 81
positive\1727485030.064144.jpg 1 353 283 88 79
positive\1727485030.4971044.jpg 1 353 283 88 79
positive\1727485033.3377004.jpg 1 362 278 74 86
positive\1727485060.817896.jpg 1 362 278 74 86
positive\1727485061.339683.jpg 1 362 278 74 86
positive\1727485062.165758.jpg 1 354 280 88 84
positive\1727485173.0126126.jpg 1 383 290 36 39
positive\1727485175.7769582.jpg 1 379 289 42 41
positive\1727485181.407555.jpg 1 381 290 39 37
positive\1727485182.5388525.jpg 1 379 291 45 35
positive\1727485183.3059566.jpg 1 376 292 44 40
positive\1727485185.163501.jpg 1 377 290 39 40
positive\1727485188.7703667.jpg 1 377 287 42 42
positive\1727485193.851723.jpg 1 382 288 42 42
positive\1727485231.433126.jpg 1 382 288 42 42
positive\1727485235.2617464.jpg 1 383 288 35 55
positive\1727485240.3549237.jpg 1 381 288 47 48
positive\1727485243.3261876.jpg 1 381 291 38 47
positive\1727485250.5821383.jpg 1 377 287 41 49
positive\1727485256.3332407.jpg 1 379 291 48 47
positive\1727485263.4685977.jpg 1 370 291 63 28
positive\1727485267.15586.jpg 1 374 290 54 28
positive\1727484869.5867891.jpg 1 346 281 107 89
positive\1727484952.0595553.jpg 1 346 282 106 94
positive\1727484952.7085145.jpg 1 345 281 104 91
positive\1727484953.1097233.jpg 1 346 280 107 95
positive\1727484953.5288641.jpg 1 346 280 107 95
positive\1727484960.448021.jpg 1 359 283 81 80
positive\1727484960.8942773.jpg 1 359 283 81 80
positive\1727484961.2177145.jpg 1 359 283 81 80
positive\1727484965.6588042.jpg 1 353 286 93 63
positive\1727484966.7151496.jpg 1 359 283 82 69
positive\1727484974.2527366.jpg 1 350 283 93 78
positive\1727485027.9742968.jpg 1 357 282 83 75
positive\Screenshot 2024-09-23 001057.png 1 23 6 163 162
positive\Screenshot 2024-09-23 012347.png 1 30 3 85 170
positive\Screenshot 2024-09-23 012357.png 1 18 5 132 166
positive\Screenshot 2024-09-23 012404.png 1 18 7 156 168
positive\Screenshot 2024-09-23 012413.png 1 12 26 129 166

positive\1727517915.835941.jpg 1 45 41 55 62
positive\1727517922.1795788.jpg 1 50 41 50 61
positive\1727517923.2754533.jpg 1 56 38 39 64
positive\1727517927.8701818.jpg 1 48 39 47 63
positive\1727517973.15149.jpg 1 51 40 43 60
positive\1727517976.1473362.jpg 1 60 40 31 59
positive\1727517981.2911394.jpg 1 47 40 59 62
positive\1727517982.8124137.jpg 1 56 37 38 67
positive\1727517984.1286108.jpg 1 55 40 54 64

positive\1727518340.8685682.jpg 1 28 33 89 88
positive\1727518345.1852844.jpg 1 47 36 50 87
